pos: 10 1.27355e-10 -4.1132e-12
vel: -6.72529e-09 1.99537e-09 -6.05041e-11
acc: -1.42433e-08 5.44537e-09 -1.60666e-10
pos: 10.0377 0.00545332 0.000593042
vel: 1.08825 0.158546 0.01721
acc: 20.11 2.97148 0.321269
pos: 10.2688 0.0396918 0.00429215
vel: 3.716 0.55711 0.0599889
acc: 31.04 4.8274 0.514593
pos: 10.8039 0.12141 0.0130466
vel: 7.04025 1.09225 0.116506
acc: 34.29 5.72999 0.59925
pos: 11.6768 0.259768 0.0277191
vel: 10.368 1.67674 0.176859
acc: 31.36 5.84148 0.594519
pos: 12.8594 0.456018 0.0482784
vel: 13.1563 2.23958 0.233073
acc: 23.75 5.32408 0.519676
pos: 14.2768 0.705119 0.073992
vel: 15.012 2.726 0.2791
acc: 12.96 4.34001 0.394
pos: 15.8224 0.997367 0.103619
vel: 15.6923 3.09743 0.310821
acc: 0.489957 3.0515 0.236768
pos: 17.3728 1.32001 0.135604
vel: 15.104 3.33156 0.326044
acc: -12.1601 1.62076 0.0672591
pos: 18.8027 1.65888 0.168267
vel: 13.3042 3.42225 0.324506
acc: -23.4902 0.210026 -0.0952502
pos: 20 2 0.2
vel: 10.5 3.37964 0.30787
acc: -32.0004 -1.01849 -0.231482
pos: 20 2 0.2
vel: 10.5 3.37964 0.30787
acc: -32.0004 -1.01849 -0.231482
pos: 20.9005 2.33121 0.22952
vel: 7.61268 3.2292 0.281531
acc: -25.863 -1.936 -0.290902
pos: 21.5418 2.64331 0.256151
vel: 5.30439 3.00264 0.250519
acc: -20.4144 -2.54748 -0.325458
pos: 21.9785 2.93016 0.279545
vel: 3.50807 2.72863 0.217161
acc: -15.6178 -2.89131 -0.33834
pos: 22.2584 3.18828 0.299572
vel: 2.16032 2.43202 0.183467
acc: -11.4366 -3.00592 -0.33274
pos: 22.4235 3.41651 0.316284
vel: 1.20145 2.1338 0.151123
acc: -7.83419 -2.92969 -0.311848
pos: 22.5098 3.61557 0.329888
vel: 0.575412 1.85116 0.1215
acc: -4.7739 -2.70103 -0.278856
pos: 22.5479 3.78771 0.34071
vel: 0.229822 1.5974 0.0956489
acc: -2.2191 -2.35834 -0.236954
pos: 22.5635 3.93633 0.349168
vel: 0.115965 1.38201 0.0743002
acc: -0.133131 -1.94003 -0.189333
pos: 22.5773 4.06558 0.355735
vel: 0.188789 1.21064 0.0578666
acc: 1.52064 -1.48449 -0.139185
pos: 22.6061 4.17999 0.360909
vel: 0.406907 1.08508 0.0464412
acc: 2.77885 -1.03013 -0.0896993
pos: 22.6623 4.28406 0.365183
vel: 0.732594 1.00329 0.0397982
acc: 3.67814 -0.615357 -0.0440681
pos: 22.755 4.38191 0.36901
vel: 1.13179 0.959404 0.0373927
acc: 4.25516 -0.278566 -0.00548207
pos: 22.8901 4.47689 0.372774
vel: 1.57411 0.943698 0.0383606
acc: 4.54655 -0.0581607 0.0228679
pos: 23.0704 4.57115 0.376755
vel: 2.0328 0.942612 0.0415187
acc: 4.58896 0.00745612 0.0377908
pos: 23.2964 4.66532 0.381101
vel: 2.48482 0.938749 0.0453648
acc: 4.41902 -0.120118 0.0360957
pos: 23.5665 4.7581 0.385791
vel: 2.91075 0.910869 0.0480776
acc: 4.07337 -0.479285 0.0145917
pos: 23.8772 4.84586 0.390608
vel: 3.29486 0.833893 0.0475165
acc: 3.58866 -1.10845 -0.0299123
pos: 24.2236 4.92228 0.395103
vel: 3.62507 0.6789 0.0412221
acc: 3.00153 -2.04601 -0.100607
pos: 24.6001 4.97795 0.398569
vel: 3.89297 0.413131 0.0264157
acc: 2.34862 -3.33037 -0.200684
pos: 25 5 0.4
vel: 4.09382 -1.37193e-05 -4.34709e-07
acc: 1.66658 -4.99993 -0.333333
pos: 25.4166 4.97277 0.398108
vel: 4.22642 -0.56407 -0.0398608
acc: 0.987249 -6.17495 -0.454416
pos: 25.843 4.8843 0.391716
vel: 4.29178 -1.215 -0.0891004
acc: 0.323318 -6.74996 -0.521999
pos: 26.2728 4.72876 0.380143
vel: 4.29186 -1.89656 -0.142694
acc: -0.317324 -6.79997 -0.542583
pos: 26.6993 4.5056 0.363179
vel: 4.22936 -2.56 -0.196267
acc: -0.926789 -6.39998 -0.522666
pos: 27.1167 4.21875 0.341015
vel: 4.1078 -3.16406 -0.246094
acc: -1.49719 -5.62499 -0.468749
pos: 27.5191 3.8759 0.314188
vel: 3.93149 -3.675 -0.2891
acc: -2.02062 -4.55 -0.387332
pos: 27.9013 3.48774 0.283504
vel: 3.7055 -4.06656 -0.32286
acc: -2.48922 -3.25 -0.284916
pos: 28.2587 3.0672 0.249984
vel: 3.43573 -4.32 -0.3456
acc: -2.89507 -1.80001 -0.167999
pos: 28.5872 2.62872 0.21479
vel: 3.12884 -4.42406 -0.356194
acc: -3.2303 -0.275007 -0.0430828
pos: 28.8835 2.1875 0.179167
vel: 2.79229 -4.375 -0.354166
acc: -3.48701 1.24999 0.0833337
pos: 29.145 1.75871 0.144372
vel: 2.43432 -4.17656 -0.339694
acc: -3.65732 2.69999 0.20475
pos: 29.3699 1.3568 0.111616
vel: 2.06397 -3.84 -0.3136
acc: -3.73333 3.99999 0.314667
pos: 29.5577 0.9947 0.0819912
vel: 1.69106 -3.38406 -0.27736
acc: -3.70715 5.075 0.406583
pos: 29.7084 0.6831 0.0564119
vel: 1.32621 -2.835 -0.2331
acc: -3.5709 5.85 0.474
pos: 29.8236 0.429688 0.0355468
vel: 0.980816 -2.22656 -0.183594
acc: -3.31669 6.25 0.510416
pos: 29.9056 0.2384 0.0197546
vel: 0.667069 -1.6 -0.132267
acc: -2.93662 6.2 0.509333
pos: 29.9585 0.108675 0.00901912
vel: 0.397951 -1.00406 -0.0831937
acc: -2.4228 5.625 0.46425
pos: 29.9872 0.0347 0.002884
vel: 0.18723 -0.495 -0.0411
acc: -1.76736 4.45 0.368666
pos: 29.9983 0.00466252 0.000388042
vel: 0.0494639 -0.136563 -0.0113604
acc: -0.962384 2.6 0.216083
