pos: 10 1.27355e-10 -4.1132e-12
vel: 8.5947e-08 1.99537e-09 -6.05041e-11
acc: 1.81519e-07 5.44537e-09 -1.60666e-10
pos: 12.8594 0.456018 0.0482784
vel: 13.1561 2.23958 0.233073
acc: 23.7497 5.32408 0.519676
pos: 20 2 0.2
vel: 10.5006 3.37964 0.30787
acc: -31.9953 -1.01849 -0.231482
pos: 22.4241 3.41651 0.316284
vel: 1.20264 2.1338 0.151123
acc: -7.83589 -2.92969 -0.311848
pos: 22.6069 4.17999 0.360909
vel: 0.406796 1.08508 0.0464412
acc: 2.77609 -1.03013 -0.0896993
pos: 23.297 4.66532 0.381101
vel: 2.48374 0.938749 0.0453648
acc: 4.41817 -0.120118 0.0360957
pos: 25 5 0.4
vel: 4.0929 -1.37193e-05 -4.34709e-07
acc: 1.66784 -4.99993 -0.333333
pos: 27.1164 4.21875 0.341015
vel: 4.10764 -3.16406 -0.246094
acc: -1.49572 -5.62499 -0.468749
pos: 28.8833 2.1875 0.179167
vel: 2.79262 -4.375 -0.354166
acc: -3.48663 1.24999 0.0833337
pos: 29.8235 0.429688 0.0355468
vel: 0.981055 -2.22656 -0.183594
acc: -3.31727 6.25 0.510416
